1.7e-05
0.000443
0.001475
0.003063
0.005183
0.008043
0.012303
0.0149
0.018828
0.023699
0.029219
0.035981
0.041956
0.049394
0.056719
0.065775
0.074742
0.084448
0.095651
0.110668
0.122248
0.144522
0.152672
0.168446
0.189153
0.207794
0.232147
0.258032
0.283031
0.307085
0.338989
0.359223
0.382525
0.410959
0.444858
0.471823
0.500806
0.539342
0.564757
0.641123
0.673858
0.728825
0.757738
0.78594
0.859291
0.919326
0.928763
0.989357
1.03709
1.06501
1.14419
1.19001
1.23742
1.29593
1.33457
1.40123
1.47235
1.52245
1.5789
1.63034
